---------------------------
9
-1
20
0.8
---------------------------
11
-3
28
0.5714285714285714
---------------------------
12
2
35
1.4
---------------------------
13
-3
40
0.625
---------------------------
17
-1
72
0.8888888888888888
---------------------------
11
1
30
1.2
---------------------------
2
0
1
1.0
---------------------------
4
0
4
1.0
---------------------------
10
0
25
1.0
---------------------------
8
0
16
1.0
---------------------------
4
0
4
1.0
---------------------------
2
0
1
1.0
---------------------------
8
0
16
1.0
---------------------------
14
0
49
1.0
---------------------------
16
0
64
1.0
---------------------------
10
0
25
1.0
---------------------------
2
0
1
1.0
---------------------------
24
20
44
11.0
---------------------------
36
30
99
11.0
---------------------------
48
40
176
11.0
---------------------------
60
50
275
11.0
---------------------------
2
0
1
1.0
---------------------------
2
0
1
1.0
---------------------------
4
0
4
1.0
---------------------------
6
0
9
1.0
---------------------------
5
-3
4
0.25
---------------------------
5
-3
4
0.25
---------------------------
11
-1
30
0.8333333333333334
---------------------------
11
1
30
1.2
